{
  "nbformat": 4,
  "nbformat_minor": 0,
  "metadata": {
    "colab": {
      "provenance": [],
      "include_colab_link": true
    },
    "kernelspec": {
      "name": "python3",
      "display_name": "Python 3"
    },
    "language_info": {
      "name": "python"
    }
  },
  "cells": [
    {
      "cell_type": "markdown",
      "metadata": {
        "id": "view-in-github",
        "colab_type": "text"
      },
      "source": [
        "<a href=\"https://colab.research.google.com/github/Lalepragati/ML/blob/main/PCA_2026.ipynb\" target=\"_parent\"><img src=\"https://colab.research.google.com/assets/colab-badge.svg\" alt=\"Open In Colab\"/></a>"
      ]
    },
    {
      "cell_type": "code",
      "execution_count": null,
      "metadata": {
        "id": "F765YXK1X92i"
      },
      "outputs": [],
      "source": [
        "# ===============================\n",
        "# PCA FROM SCRATCH (15+ FEATURES)\n",
        "# ==============================="
      ]
    },
    {
      "cell_type": "code",
      "source": [
        "import numpy as np\n",
        "import matplotlib.pyplot as plt"
      ],
      "metadata": {
        "id": "zyAp9EYfX-6W"
      },
      "execution_count": null,
      "outputs": []
    },
    {
      "cell_type": "code",
      "source": [
        "# Step 1: Generate dataset (100 samples, 15 features)\n",
        "np.random.seed(42)\n",
        "X = np.random.rand(100, 15) * 10\n",
        "X\n"
      ],
      "metadata": {
        "colab": {
          "base_uri": "https://localhost:8080/"
        },
        "id": "0rJX6KF4X_jj",
        "outputId": "f85a6d8b-4b9c-4654-b316-8bc5a2ad3e40"
      },
      "execution_count": null,
      "outputs": [
        {
          "output_type": "execute_result",
          "data": {
            "text/plain": [
              "array([[3.74540119, 9.50714306, 7.31993942, ..., 8.32442641, 2.12339111,\n",
              "        1.81824967],\n",
              "       [1.8340451 , 3.04242243, 5.24756432, ..., 5.14234438, 5.92414569,\n",
              "        0.46450413],\n",
              "       [6.07544852, 1.70524124, 0.65051593, ..., 0.34388521, 9.09320402,\n",
              "        2.58779982],\n",
              "       ...,\n",
              "       [9.30948696, 6.89526751, 6.76513386, ..., 4.06907961, 8.7075345 ,\n",
              "        7.82385484],\n",
              "       [5.67016261, 7.38449209, 8.78515561, ..., 5.44489098, 0.0575866 ,\n",
              "        3.2458583 ],\n",
              "       [3.66461535, 3.96172692, 6.95467207, ..., 4.63494044, 3.7978578 ,\n",
              "        8.6333365 ]])"
            ]
          },
          "metadata": {},
          "execution_count": 14
        }
      ]
    },
    {
      "cell_type": "code",
      "source": [
        "# Step 2: Mean centering\n",
        "mean = np.mean(X, axis=0)\n",
        "X_centered = X - mean\n",
        "X_centered"
      ],
      "metadata": {
        "colab": {
          "base_uri": "https://localhost:8080/"
        },
        "id": "G2E2gAM1YEXC",
        "outputId": "946ecf67-96b7-42ae-b63a-1b1993e75273"
      },
      "execution_count": null,
      "outputs": [
        {
          "output_type": "execute_result",
          "data": {
            "text/plain": [
              "array([[-1.78682629,  4.83014856,  2.36562054, ...,  3.5620525 ,\n",
              "        -3.04094395, -2.53615644],\n",
              "       [-3.69818238, -1.63457207,  0.29324544, ...,  0.37997048,\n",
              "         0.75981063, -3.88990198],\n",
              "       [ 0.54322104, -2.97175326, -4.30380294, ..., -4.41848869,\n",
              "         3.92886897, -1.7666063 ],\n",
              "       ...,\n",
              "       [ 3.77725947,  2.21827301,  1.81081498, ..., -0.6932943 ,\n",
              "         3.54319945,  3.46944873],\n",
              "       [ 0.13793513,  2.70749759,  3.83083674, ...,  0.68251707,\n",
              "        -5.10674845, -1.10854781],\n",
              "       [-1.86761213, -0.71526759,  2.00035319, ..., -0.12743347,\n",
              "        -1.36647725,  4.27893038]])"
            ]
          },
          "metadata": {},
          "execution_count": 15
        }
      ]
    },
    {
      "cell_type": "code",
      "source": [
        "\n",
        "# Step 3: Covariance matrix\n",
        "cov_matrix = np.cov(X_centered.T)\n",
        "cov_matrix"
      ],
      "metadata": {
        "colab": {
          "base_uri": "https://localhost:8080/"
        },
        "id": "E5GM2FjnYH-w",
        "outputId": "1783f3aa-8cbd-4e2c-8294-11d52e791588"
      },
      "execution_count": null,
      "outputs": [
        {
          "output_type": "execute_result",
          "data": {
            "text/plain": [
              "array([[ 8.78925395e+00, -1.93342457e-01, -1.06940691e+00,\n",
              "         1.32690726e+00,  1.77244376e+00, -2.02962599e-01,\n",
              "         1.16793612e+00, -5.87698844e-02,  2.95737714e-01,\n",
              "         7.01434843e-01,  1.25159424e+00,  1.45976829e+00,\n",
              "         2.94123085e+00,  3.11917360e-01,  2.05652090e-01],\n",
              "       [-1.93342457e-01,  8.16432475e+00,  4.49755914e-01,\n",
              "        -5.36352632e-01, -1.02165040e+00, -7.06862131e-01,\n",
              "         5.62403406e-01,  1.30543902e+00, -2.81847773e-02,\n",
              "        -6.83703167e-01, -1.56579015e-01, -2.55235221e-01,\n",
              "         5.78200021e-01, -4.85629724e-01, -1.06839883e+00],\n",
              "       [-1.06940691e+00,  4.49755914e-01,  9.60253393e+00,\n",
              "        -2.25365074e-01,  1.06117831e-01, -3.50591979e-01,\n",
              "         2.06749971e-02,  1.13132547e+00,  2.35072199e+00,\n",
              "        -2.37338821e-01,  5.84704790e-01, -1.16604031e+00,\n",
              "         1.05104424e-01, -9.13431436e-01, -9.39811753e-01],\n",
              "       [ 1.32690726e+00, -5.36352632e-01, -2.25365074e-01,\n",
              "         7.60242532e+00,  1.46988042e+00,  8.64493626e-01,\n",
              "        -8.23452652e-01, -6.52711186e-01,  1.30375516e+00,\n",
              "        -8.41490617e-01, -1.18899033e+00,  3.13751200e-01,\n",
              "         7.43480856e-01,  1.02286022e-02,  7.12723165e-01],\n",
              "       [ 1.77244376e+00, -1.02165040e+00,  1.06117831e-01,\n",
              "         1.46988042e+00,  9.45281435e+00,  6.83556256e-02,\n",
              "         3.06197117e-01, -1.86031798e+00,  7.45511187e-01,\n",
              "        -4.10843660e-01,  3.75019420e-01,  2.73358427e-01,\n",
              "         1.80666606e-01,  7.47367265e-01,  2.06294635e-01],\n",
              "       [-2.02962599e-01, -7.06862131e-01, -3.50591979e-01,\n",
              "         8.64493626e-01,  6.83556256e-02,  8.49977918e+00,\n",
              "        -1.26386488e+00,  4.09118628e-02, -7.26257299e-02,\n",
              "         1.22012255e-01, -1.88825157e-01, -1.00392704e+00,\n",
              "        -8.76935393e-01, -5.48469341e-01, -2.15450116e-01],\n",
              "       [ 1.16793612e+00,  5.62403406e-01,  2.06749971e-02,\n",
              "        -8.23452652e-01,  3.06197117e-01, -1.26386488e+00,\n",
              "         9.11588302e+00,  7.16716356e-02,  8.18125050e-01,\n",
              "         9.08053854e-01,  1.72166155e+00, -2.16355722e+00,\n",
              "         6.16270990e-01,  1.26100705e-02, -1.18373046e+00],\n",
              "       [-5.87698844e-02,  1.30543902e+00,  1.13132547e+00,\n",
              "        -6.52711186e-01, -1.86031798e+00,  4.09118628e-02,\n",
              "         7.16716356e-02,  8.43968508e+00,  6.04588296e-03,\n",
              "        -9.27381540e-01,  6.55667480e-01, -5.38782383e-01,\n",
              "         1.39276135e-01,  3.10348187e-01, -1.81995766e+00],\n",
              "       [ 2.95737714e-01, -2.81847773e-02,  2.35072199e+00,\n",
              "         1.30375516e+00,  7.45511187e-01, -7.26257299e-02,\n",
              "         8.18125050e-01,  6.04588296e-03,  8.87463024e+00,\n",
              "         9.38140843e-01,  8.36653680e-01,  2.24525743e-01,\n",
              "         9.97559154e-01,  1.10937597e+00, -8.04851568e-01],\n",
              "       [ 7.01434843e-01, -6.83703167e-01, -2.37338821e-01,\n",
              "        -8.41490617e-01, -4.10843660e-01,  1.22012255e-01,\n",
              "         9.08053854e-01, -9.27381540e-01,  9.38140843e-01,\n",
              "         7.29021268e+00, -3.65267632e-01,  1.98374243e-01,\n",
              "        -7.45529050e-01, -6.98039140e-02, -5.58083054e-01],\n",
              "       [ 1.25159424e+00, -1.56579015e-01,  5.84704790e-01,\n",
              "        -1.18899033e+00,  3.75019420e-01, -1.88825157e-01,\n",
              "         1.72166155e+00,  6.55667480e-01,  8.36653680e-01,\n",
              "        -3.65267632e-01,  9.29717518e+00, -7.19655766e-01,\n",
              "         8.13567202e-01,  6.36949881e-01, -7.29157277e-02],\n",
              "       [ 1.45976829e+00, -2.55235221e-01, -1.16604031e+00,\n",
              "         3.13751200e-01,  2.73358427e-01, -1.00392704e+00,\n",
              "        -2.16355722e+00, -5.38782383e-01,  2.24525743e-01,\n",
              "         1.98374243e-01, -7.19655766e-01,  8.38442278e+00,\n",
              "         2.37594368e+00, -2.53851334e-01,  5.06512221e-01],\n",
              "       [ 2.94123085e+00,  5.78200021e-01,  1.05104424e-01,\n",
              "         7.43480856e-01,  1.80666606e-01, -8.76935393e-01,\n",
              "         6.16270990e-01,  1.39276135e-01,  9.97559154e-01,\n",
              "        -7.45529050e-01,  8.13567202e-01,  2.37594368e+00,\n",
              "         7.41910341e+00, -8.17357366e-01, -5.64626679e-01],\n",
              "       [ 3.11917360e-01, -4.85629724e-01, -9.13431436e-01,\n",
              "         1.02286022e-02,  7.47367265e-01, -5.48469341e-01,\n",
              "         1.26100705e-02,  3.10348187e-01,  1.10937597e+00,\n",
              "        -6.98039140e-02,  6.36949881e-01, -2.53851334e-01,\n",
              "        -8.17357366e-01,  9.45567425e+00,  9.20055958e-01],\n",
              "       [ 2.05652090e-01, -1.06839883e+00, -9.39811753e-01,\n",
              "         7.12723165e-01,  2.06294635e-01, -2.15450116e-01,\n",
              "        -1.18373046e+00, -1.81995766e+00, -8.04851568e-01,\n",
              "        -5.58083054e-01, -7.29157277e-02,  5.06512221e-01,\n",
              "        -5.64626679e-01,  9.20055958e-01,  9.16356909e+00]])"
            ]
          },
          "metadata": {},
          "execution_count": 16
        }
      ]
    },
    {
      "cell_type": "code",
      "source": [
        "# Step 4: Eigen decomposition\n",
        "eigenvalues, eigenvectors = np.linalg.eig(cov_matrix)\n",
        "eigenvalues, eigenvectors"
      ],
      "metadata": {
        "colab": {
          "base_uri": "https://localhost:8080/"
        },
        "id": "tYKpK4QTYKiL",
        "outputId": "0c926731-a992-4102-f78a-90526b8fc84e"
      },
      "execution_count": null,
      "outputs": [
        {
          "output_type": "execute_result",
          "data": {
            "text/plain": [
              "(array([15.16785506, 14.63602335, 12.09532611, 11.53986394,  3.64434529,\n",
              "         4.19792269,  5.03328374,  5.31448729,  6.35733608,  6.70388355,\n",
              "        10.10454536,  7.73428127,  9.37554495,  8.62807844,  9.01871009]),\n",
              " array([[ 0.37608895, -0.40652302,  0.18632996,  0.140231  ,  0.44435465,\n",
              "          0.23800204,  0.23100533,  0.04773033,  0.44744368,  0.20739533,\n",
              "          0.10637695,  0.13218151,  0.20974295,  0.06631014, -0.09369666],\n",
              "        [-0.24551354, -0.09620331,  0.29908598,  0.03115541, -0.01337715,\n",
              "         -0.07641052,  0.05729021, -0.08875312,  0.33605149, -0.67535364,\n",
              "         -0.0987957 ,  0.22078098,  0.04230533, -0.43991002,  0.00442797],\n",
              "        [-0.3294515 , -0.22662162, -0.12457357, -0.54906035,  0.05957712,\n",
              "         -0.26524338,  0.13213987,  0.29330788,  0.36701022,  0.19655932,\n",
              "         -0.09805922, -0.05339145, -0.1663283 ,  0.07355749,  0.35616071],\n",
              "        [ 0.29460021, -0.03474347, -0.03755616, -0.35003024, -0.13289884,\n",
              "         -0.43070195,  0.35084872, -0.31848528, -0.23714834,  0.15807365,\n",
              "          0.04331388,  0.40322921,  0.23720583, -0.22754268, -0.08148147],\n",
              "        [ 0.38271919, -0.21047145, -0.32277576, -0.16235484, -0.19178588,\n",
              "          0.04538994, -0.28516542, -0.17008436,  0.18689813, -0.09598995,\n",
              "          0.18824718, -0.50767133,  0.11856609, -0.3974832 ,  0.14223735],\n",
              "        [ 0.00634944,  0.18318161, -0.15198616, -0.21441874,  0.01559344,\n",
              "         -0.14874737, -0.27464134,  0.32411263,  0.12496202, -0.28746475,\n",
              "          0.28011647,  0.12342673,  0.57608998,  0.35110843, -0.21765917],\n",
              "        [-0.1725686 , -0.42380937, -0.18641322,  0.3787351 ,  0.11573175,\n",
              "         -0.37851132, -0.385276  ,  0.16167078, -0.1464742 ,  0.1436895 ,\n",
              "          0.31084348,  0.28301552, -0.13968848, -0.20543377, -0.02524119],\n",
              "        [-0.35919043, -0.11080262,  0.2350717 , -0.01619044, -0.16003599,\n",
              "          0.00794065, -0.38689106, -0.38666204,  0.1776552 ,  0.41192883,\n",
              "         -0.30329218, -0.04173969,  0.39420693,  0.00119017, -0.16715794],\n",
              "        [-0.00725616, -0.38613545, -0.21194213, -0.43278473,  0.18618514,\n",
              "          0.38400045, -0.24220704, -0.1897301 , -0.25370402, -0.23557951,\n",
              "         -0.1791542 ,  0.23625506, -0.22115352,  0.15100293, -0.24970938],\n",
              "        [ 0.00430823, -0.05368615, -0.10550311,  0.07715509, -0.42195121,\n",
              "         -0.14256687,  0.11909333, -0.271075  ,  0.42857254, -0.03315375,\n",
              "          0.25395676,  0.0216916 , -0.39880437,  0.34051301, -0.41140031],\n",
              "        [-0.08049626, -0.40110837, -0.16725458,  0.28443752, -0.0591804 ,\n",
              "         -0.16588282,  0.23335025, -0.26671548, -0.16550456, -0.28550478,\n",
              "         -0.14353493, -0.15751235,  0.2732447 ,  0.44894723,  0.36960963],\n",
              "        [ 0.35662297, -0.01522332,  0.45689081, -0.09813126,  0.26050857,\n",
              "         -0.5146127 , -0.29855028, -0.03405808, -0.05440013, -0.12823869,\n",
              "         -0.20816876, -0.25934727, -0.22901465,  0.20652902, -0.07825891],\n",
              "        [ 0.19876461, -0.35595663,  0.40812382, -0.05260513, -0.63582289,\n",
              "          0.16963035, -0.04902158,  0.42566745, -0.15755855,  0.01448811,\n",
              "         -0.02712967,  0.10684694,  0.02403869,  0.05851477,  0.0813962 ],\n",
              "        [ 0.12272052, -0.06414169, -0.38463518,  0.19259095, -0.07656618,\n",
              "         -0.15519162,  0.1312734 ,  0.34548458,  0.07948233, -0.00883071,\n",
              "         -0.65187975, -0.07412358,  0.06095658, -0.14045332, -0.41106097],\n",
              "        [ 0.33066925,  0.24341819, -0.1852678 ,  0.12526263, -0.10449993,\n",
              "          0.03397724, -0.33445662, -0.10213232,  0.28780517,  0.01538854,\n",
              "         -0.2805523 ,  0.49826332, -0.10039491,  0.12373896,  0.45998759]]))"
            ]
          },
          "metadata": {},
          "execution_count": 17
        }
      ]
    },
    {
      "cell_type": "code",
      "source": [
        "# Step 5: Sort eigenvalues and eigenvectors\n",
        "sorted_indices = np.argsort(eigenvalues)[::-1]\n",
        "eigenvalues_sorted = eigenvalues[sorted_indices]\n",
        "eigenvectors_sorted = eigenvectors[:, sorted_indices]"
      ],
      "metadata": {
        "id": "Jyvb2ZU1YMrJ"
      },
      "execution_count": null,
      "outputs": []
    },
    {
      "cell_type": "code",
      "source": [
        " #Step 6: Explained variance ratio\n",
        "explained_variance_ratio = eigenvalues_sorted / np.sum(eigenvalues_sorted)\n",
        "explained_variance_ratio"
      ],
      "metadata": {
        "colab": {
          "base_uri": "https://localhost:8080/"
        },
        "id": "-1wxWC6bYRXy",
        "outputId": "694791bf-338f-4c05-84ae-6a417872d42c"
      },
      "execution_count": null,
      "outputs": [
        {
          "output_type": "execute_result",
          "data": {
            "text/plain": [
              "array([0.11707974, 0.11297457, 0.09336308, 0.0890755 , 0.07799637,\n",
              "       0.07236926, 0.06961487, 0.06659961, 0.05970044, 0.05174687,\n",
              "       0.04907189, 0.0410222 , 0.03885161, 0.03240351, 0.02813048])"
            ]
          },
          "metadata": {},
          "execution_count": 19
        }
      ]
    },
    {
      "cell_type": "code",
      "source": [
        "# Step 7: Select top 2 principal components\n",
        "k = 2\n",
        "principal_components = eigenvectors_sorted[:, :k]\n",
        "\n",
        "principal_components"
      ],
      "metadata": {
        "colab": {
          "base_uri": "https://localhost:8080/"
        },
        "id": "U3udWEMyYWXS",
        "outputId": "22d9ae0f-d330-4e48-c5e5-95af5d71cd2d"
      },
      "execution_count": null,
      "outputs": [
        {
          "output_type": "execute_result",
          "data": {
            "text/plain": [
              "array([[ 0.37608895, -0.40652302],\n",
              "       [-0.24551354, -0.09620331],\n",
              "       [-0.3294515 , -0.22662162],\n",
              "       [ 0.29460021, -0.03474347],\n",
              "       [ 0.38271919, -0.21047145],\n",
              "       [ 0.00634944,  0.18318161],\n",
              "       [-0.1725686 , -0.42380937],\n",
              "       [-0.35919043, -0.11080262],\n",
              "       [-0.00725616, -0.38613545],\n",
              "       [ 0.00430823, -0.05368615],\n",
              "       [-0.08049626, -0.40110837],\n",
              "       [ 0.35662297, -0.01522332],\n",
              "       [ 0.19876461, -0.35595663],\n",
              "       [ 0.12272052, -0.06414169],\n",
              "       [ 0.33066925,  0.24341819]])"
            ]
          },
          "metadata": {},
          "execution_count": 21
        }
      ]
    },
    {
      "cell_type": "code",
      "source": [
        "# Step 8: Project data\n",
        "X_pca = np.dot(X_centered, principal_components)\n",
        "X_pca"
      ],
      "metadata": {
        "colab": {
          "base_uri": "https://localhost:8080/"
        },
        "id": "GyDs9S8jYa-d",
        "outputId": "11817015-02e9-46df-8d67-d2f777ef338e"
      },
      "execution_count": null,
      "outputs": [
        {
          "output_type": "execute_result",
          "data": {
            "text/plain": [
              "array([[-2.67779098,  0.84546459],\n",
              "       [-3.11987273,  2.26499724],\n",
              "       [ 6.54924635,  3.40556361],\n",
              "       [-5.70998966, -2.73661779],\n",
              "       [-3.87102813,  4.29227424],\n",
              "       [ 1.71522306,  2.80046257],\n",
              "       [ 0.44151785,  5.87255664],\n",
              "       [-4.25241665,  0.43956207],\n",
              "       [-3.68811412,  2.60784292],\n",
              "       [-0.07054128,  3.85387859],\n",
              "       [ 3.42713676, -3.01748892],\n",
              "       [ 2.5584901 ,  3.53668729],\n",
              "       [ 0.50582017, -0.79330742],\n",
              "       [-0.78483876,  0.7048629 ],\n",
              "       [-3.06868166, -1.34841833],\n",
              "       [-3.23901032,  1.19907353],\n",
              "       [-5.52282434, -4.41318607],\n",
              "       [-2.36640536, -3.94873053],\n",
              "       [-2.03378101, -5.37523081],\n",
              "       [-3.37255445,  3.17448921],\n",
              "       [-0.79266972,  3.87036268],\n",
              "       [-1.60032579, -1.44546373],\n",
              "       [-5.04095714,  1.45749267],\n",
              "       [-0.36135337, -0.65168864],\n",
              "       [-4.51641506,  0.40908286],\n",
              "       [-1.10387893, -0.68315113],\n",
              "       [ 3.85995752, -2.08085461],\n",
              "       [ 0.55079356, -1.22144016],\n",
              "       [-1.73516629,  1.49279772],\n",
              "       [-0.34800041, -6.1901198 ],\n",
              "       [ 4.73468298,  5.57534957],\n",
              "       [-0.6395389 , -7.06026651],\n",
              "       [ 1.90019345,  1.37798086],\n",
              "       [ 8.13505047, -0.00962827],\n",
              "       [-0.52491589, -4.15095603],\n",
              "       [-2.64591385, -3.96091734],\n",
              "       [ 5.96016424,  0.07258182],\n",
              "       [ 4.50280061,  4.86025974],\n",
              "       [ 2.4463768 ,  1.85015683],\n",
              "       [-2.21878242,  3.16130132],\n",
              "       [ 1.05990081,  7.15666351],\n",
              "       [ 5.22362166, -1.08092788],\n",
              "       [-3.08282777,  2.90580451],\n",
              "       [ 0.68779814, -1.81698557],\n",
              "       [-2.21010242,  5.65127264],\n",
              "       [ 6.52593724, -1.39677723],\n",
              "       [-6.52931521,  3.9075324 ],\n",
              "       [ 3.1894485 , -4.72891078],\n",
              "       [ 5.67286413,  2.9694264 ],\n",
              "       [-0.36461172, -2.7412025 ],\n",
              "       [-7.32100585,  1.19947852],\n",
              "       [ 0.3182322 , -2.49464098],\n",
              "       [-0.88291803,  1.17189676],\n",
              "       [ 3.45971263, -4.88446209],\n",
              "       [ 2.71869997, -1.00209601],\n",
              "       [ 6.10900557,  1.36565366],\n",
              "       [-2.10590672,  6.07179105],\n",
              "       [-1.43830673,  5.60724901],\n",
              "       [-3.08937727,  5.63217687],\n",
              "       [-6.38992037,  0.57304737],\n",
              "       [ 0.46896532,  2.65236619],\n",
              "       [-4.25922882,  0.59993935],\n",
              "       [-5.53960679,  2.95315666],\n",
              "       [-0.35222752,  2.44765669],\n",
              "       [-1.84793433, -0.87146097],\n",
              "       [ 2.92211857,  3.54407707],\n",
              "       [ 4.04502941, -3.73229225],\n",
              "       [-6.64663089, -6.02178411],\n",
              "       [-0.6457381 , -1.90029731],\n",
              "       [-4.61068255, -2.20751149],\n",
              "       [ 4.11028968, -7.45987699],\n",
              "       [ 4.81420848,  4.66559123],\n",
              "       [ 5.58912854, -6.22769334],\n",
              "       [-2.02492061, -2.99936646],\n",
              "       [ 5.4654073 , -0.58381198],\n",
              "       [ 3.57872885,  4.91448532],\n",
              "       [ 1.22848762, -4.62749312],\n",
              "       [ 0.62836605, -0.46835463],\n",
              "       [-1.96743943, -6.50056827],\n",
              "       [ 4.52406648, -6.64062213],\n",
              "       [ 3.24874019,  2.9366415 ],\n",
              "       [-0.87899218,  2.18590296],\n",
              "       [ 4.16179572, -6.12151152],\n",
              "       [ 4.72081253,  3.92876702],\n",
              "       [-1.76102348,  0.15325963],\n",
              "       [-7.84235216,  2.1454055 ],\n",
              "       [ 5.70466358,  4.66306484],\n",
              "       [-1.87862822, -8.71338558],\n",
              "       [ 1.46276044,  1.46530751],\n",
              "       [-5.34883616, -1.75378449],\n",
              "       [ 1.394774  , -2.96661071],\n",
              "       [-6.29715484,  1.99243027],\n",
              "       [-4.38384267, -0.6147082 ],\n",
              "       [ 8.7016491 , -0.87044958],\n",
              "       [ 2.00814025,  9.27204515],\n",
              "       [ 3.5308655 , -1.85714621],\n",
              "       [ 1.48300501, -8.57969427],\n",
              "       [ 4.71516283, -1.13435597],\n",
              "       [-6.774034  , -4.65920425],\n",
              "       [ 1.01949183,  2.88828193]])"
            ]
          },
          "metadata": {},
          "execution_count": 22
        }
      ]
    },
    {
      "cell_type": "code",
      "source": [
        "# ===============================\n",
        "# VISUALIZATIONS\n",
        "# ===============================\n",
        "\n",
        "# 2D PCA Projection\n",
        "plt.figure(figsize=(8, 6))\n",
        "plt.scatter(X_pca[:, 0], X_pca[:, 1])\n",
        "plt.xlabel(\"Principal Component 1\")\n",
        "plt.ylabel(\"Principal Component 2\")\n",
        "plt.title(\"PCA Projection (15 Features → 2D)\")\n",
        "plt.grid()\n",
        "plt.show()"
      ],
      "metadata": {
        "colab": {
          "base_uri": "https://localhost:8080/",
          "height": 564
        },
        "id": "OTID05v7YdPW",
        "outputId": "de12b55b-4b3e-45ec-8e09-9f965c18656d"
      },
      "execution_count": null,
      "outputs": [
        {
          "output_type": "display_data",
          "data": {
            "text/plain": [
              "<Figure size 800x600 with 1 Axes>"
            ],
